199386296
210990105
230479372
185810673
94305032
232599719
178647356
203459514
186394895
82429699
67266468
232571522
181647154
127108374
240040511
257284550
184128420
148933412
219708551
203216835
108269904
87966502
203043496
131043138
135111311
225349459
254446076
258356685
132752107
181863477
99394319
162063213
90553786
127158244
143684919
223065502
234569477
202265278
110336657
225865341
263393531
94261389
199053317
127862229
98790022
166223308
87892283
180418078
264443854
259787063
181793052
183375508
89691425
191325543
126655769
212089170
228919548
228920655
231136908
196164498
220201599
223383444
226918237
188894224
127731446
201138282
231235305
190918126
239391185
198421440
188735056
90634643
112823955
240322884
101140976
192827003
191558895
239712228
81135035
257626978
149565281
212398914
196178017
148940276
148380084
161466556
219730712
112757502
230802313
73349272
217615238
230797713
232526675
211047255
230682384
268002216
225877311
153819004
95228015
161607981
90630801
207586794
206056572
207028458
127417834
89613045
122900449
259882043
225079654
127116620
113663543
217887905
120768260
217892720
221808831
133183721
131168450
233576419
233544348
233376257
233577878
183844980
258444301
188181226
86132542
80973186
237292604
126181559
197420330
235678396
88963892
237518415
223010025
123295336
86124212
200915269
268741600
87181246
233456830
183392473
216816371
219294520
99383753
150115145
153763491
219288990
193214722
175494398
193286518
110395704
256502754
154460397
215998638
216660305
216741224
223186031
82312457
197640599
85963117
162142796
269368540
257583069
211084564
269255362
256104131
258517814
255139850
216812747
157888051
223197934
151433806
127944584
192006137
70332262
95217701
263283873
81147431
131373704
87202232
156709252
102912996
93308475
236442324
110169343
127176859
259807524
96381467
258336830
98740608
164228080
199117487
101122335
167252541
84396340
257071779
127670411
202366728
230943673
94294418
231091172
161112298
191011587
87301753
85197790
121086557
198630137
168608146
154653327
158064938
80365751
122363977
156706320
183980193
84432712
233090127
234555468
234548441
73999547
196325549
120807891
233073781
152763723
188183926
82321543
186365825
132729033
96337258
183321178
127679389
133807261
198651253
104432286
234574736
202008967
70848963
196746496
128403923
95591951
188215122
167287137
118957292
186498981
228639986
188310817
95021378
226203204
158062679
70361371
160498387
186342599
205642073
205462376
220930248
191534566
133402271
190669040
95065594
177546663
90878615
199109881
178377733
86129434
95166806
216818419
80763503
256889478
226964752
121029645
112915125
174992413
86049608
80516678
93942906
237247662
190923613
228701696
211274458
187744257
183599257
197098745
95818679
111394500
133264362
105147553
196809685
80571318
122146757
174634099
178146580
220980168
175038176
195878457
135108067
177295087
149455975
123274853
152517591
223704641
207593143
127163030
223619964
148673810
205634899
104872119
206932524
151062243
183985109
233800298
192665522
107600131
207695906
126484310
206081562
178419846
165811310
196790866
203450802
239422961
126350302
123291367
99372529
229395837
120812426
161326774
237723827
149538803
213833869
201072907
201143394
134522987
92426291
180247116
181702003
223790669
235338504
181699926
193048927
213838194
191230895
162192921
176396082
191905727
152760079
193057293
188216458
94347790
128651211
212611588
233449730
200724160
237674615
241164388
221627323
241546163
237608273
214104744
224044724
91754803
232686617
83524663
157890023
217926058
93949277
256613331
126296983
121036994
197585707
132649890
221235751
217907393
59489572
48480819
233967712
223126091
240037137
240030666
191524276
154388786
212522097
188548694
256380462
214233037
178721816
142402961
256450381
198490827
192409194
206408479
175485680
192008599
158978461
234685404
236075566
121469103
196796518
133682287
156278417
113916058
86122409
225720053
235290201
183983113
94175691
173797298
98436446
219724784
87931183
236443536
158050599
69799253
181512972
267450105
225974469
229632675
198564642
191660905
118152814
178564029
261773480
219753634
198575473
265664413
265634403
88979934
128712835
113012173
218448750
265656309
221689583
221692131
233068918
256622871
237926612
237934158
205524029
268973880
269276455
212636270
87203070
181115064
127818680
161229139
150695529
196782042
151898182
127808515
177113844
90544131
164043937
198445118
188320127
105446090
86032447
158998450
208323402
87257076
80165374
120628652
181699538
237959892
127131034
100201518
160673071
94237579
207606132
258499500
237973265
218762086
242151059
214611312
218778150
221896360
229844746
225861326
222059901
217006485
222032252
242417741
225202085
238423476
238591905
221983586
225213226
225305265
256583176
232089446
238327715
242520370
219052349
219059230
242441013
242561802
242669237
242678437
222325237
242657096
232324249
222336651
225560934
225568127
232403880
242764060
242773882
242721309
242651434
242652229
238731026
242750471
222848068
222756061
222765234
222773356
222731413
222684112
243268411
239076863
92380604
94626490
65843351
66061507
166545345
167409274
178069686
64883424
168482627
89652581
166570874
64783189
178027768
72409848
80495081
80488173
74486916
73283548
80509409
73360776
73889001
82432517
84343882
83467151
83826949
83912934
83803904
82495337
83645409
105463040
110147934
118971024
95193025
118956923
118875690
105465463
105245903
105890593
126346457
123314680
124065440
131503503
130702848
126364120
126356524
124237346
126485694
125928679
157571174
154385690
160198915
154029264
162181149
157129793
154365352
160388966
154386887
153878589
154054440
156964925
171909173
63038125
73856091
45616753
46822700
48361669
48391649
48505509
59203421
59449325
133125660
177109395
60016870
60398398
60401018
56936199
51650991
111995853
60409606
131336475
123439073
83475300
93970574
177302047
141406367
142043645
74453454
95102507
70282217
130695288
61271909
80289586
129021285
127801299
130734127
176357766
141173952
174687969
85083852
135102536
128399658
95779615
61254596
172055925
164741090
174841777
80357305
132584628
174699876
172056545
125920861
168835711
110160982
87368099
98812643
173389761
52168749
83827322
162787175
174895044
118755370
149009957
99178348
160484664
80960637
127437284
163010666
156987377
109687805
65466314
91178819
162070576
148663780
99079374
64935399
74019513
84899116
69134559
95149835
148321359
120822151
109565828
108580654
130704017
165813495
161607531
70980598
61286583
69051602
66187840
66198983
65214973
65663271
66123195
66133151
65827380
65849880
66139423
66011236
64960703
64780823
64951422
65490891
64021966
60403235
65431099
67403390
67362765
63050792
61280496
63246671
61211451
62804598
62795077
62839779
70360902
70904490
69752374
70952191
70892510
68960442
69134130
70988116
63934386
72094854
